1525781616239	gretra-wisnode-1	57.8085	14.2762	-11
1525781688384	gretra-wisnode-1	57.8085	14.2762	-15
1525781748299	gretra-wisnode-1	57.8085	14.2762	-11
1525781820220	gretra-wisnode-1	57.8085	14.2762	-13
1525781880228	gretra-wisnode-1	57.8085	14.2762	-11
1525781952210	gretra-wisnode-1	57.8085	14.2762	-12
1525781970279	gretra-wisnode-1	57.8085	14.2762	-13
1525782029785	gretra-wisnode-1	57.8085	14.2762	-9
1525782101595	gretra-wisnode-1	57.8085	14.2762	-12
1525782161977	gretra-wisnode-1	57.8085	14.2762	-11
1525782233703	gretra-wisnode-1	57.8085	14.2762	-12
1525782293839	gretra-wisnode-1	57.8085	14.2762	-9
1525782365420	gretra-wisnode-1	57.8085	14.2762	-13
1525782425567	gretra-wisnode-1	57.8085	14.2762	-9
1525782497479	gretra-wisnode-1	57.8085	14.2762	-15
1525782557293	gretra-wisnode-1	57.8085	14.2762	-8
1525782629705	gretra-wisnode-1	57.8085	14.2762	-15
1525782689807	gretra-wisnode-1	57.8085	14.2762	-9
1525782761172	gretra-wisnode-1	57.8085	14.2762	-11
1525782821886	gretra-wisnode-1	57.8085	14.2762	-9
1525782893195	gretra-wisnode-1	57.8085	14.2762	-13
1525782953490	gretra-wisnode-1	57.8085	14.2762	-9
1525783025772	gretra-wisnode-1	57.8085	14.2762	-12
1525783085432	gretra-wisnode-1	57.8085	14.2762	-9
1525783157180	gretra-wisnode-1	57.8085	14.2762	-11
1525783217694	gretra-wisnode-1	57.8085	14.2762	-9
1525783288838	gretra-wisnode-1	57.8085	14.2762	-11
1525783349706	gretra-wisnode-1	57.8085	14.2762	-9
1525783420760	gretra-wisnode-1	57.8085	14.2762	-12
1525783481583	gretra-wisnode-1	57.8085	14.2762	-11
1525783552546	gretra-wisnode-1	57.8085	14.2762	-12
1525783613902	gretra-wisnode-1	57.8085	14.2762	-9
1525783684431	gretra-wisnode-1	57.8085	14.2762	-12
1525783745421	gretra-wisnode-1	57.8085	14.2762	-9
1525783816570	gretra-wisnode-1	57.8085	14.2762	-11
1525783877552	gretra-wisnode-1	57.8085	14.2762	-9
1525783948328	gretra-wisnode-1	57.8085	14.2762	-12
1525784009878	gretra-wisnode-1	57.8085	14.2762	-9
1525784080216	gretra-wisnode-1	57.8085	14.2762	-11
1525784141739	gretra-wisnode-1	57.8085	14.2762	-8
1525784212217	gretra-wisnode-1	57.8085	14.2762	-13
1525784273917	gretra-wisnode-1	57.8085	14.2762	-8
1525784344391	gretra-wisnode-1	57.8085	14.2762	-15
1525784405461	gretra-wisnode-1	57.8085	14.2762	-11
1525787358585	gretra-wisnode-1	57.8085	14.2762	-13	255
1525787418687	gretra-wisnode-1	57.8085	14.2762	-9	255
1525787729603	gretra-wisnode-1	57.8085	14.2762	-13	255
1525787929132	gretra-wisnode-1	57.8085	14.276299999999999	-13	7
1525787989242	gretra-wisnode-1	57.8085	14.276299999999999	-11	6
1525788061293	gretra-wisnode-1	57.8085	14.276299999999999	-13	6
1525788121403	gretra-wisnode-1	57.8085	14.276299999999999	-9	6
1525788192912	gretra-wisnode-1	57.8085	14.276299999999999	-11	6
1525788252967	gretra-wisnode-1	57.8085	14.276299999999999	-11	6
1525788324976	gretra-wisnode-1	57.8085	14.276299999999999	-16	6
1525788384845	gretra-wisnode-1	57.8085	14.276299999999999	-9	6
1525788457588	gretra-wisnode-1	57.8085	14.276299999999999	-13	7
1525788516740	gretra-wisnode-1	57.8085	14.276299999999999	-9	7
1525788588649	gretra-wisnode-1	57.8085	14.276299999999999	-13	7
1525794117311	gretra-wisnode-1	57.7803	14.1723	-51	7
1525794177046	gretra-wisnode-1	57.7803	14.1723	-49	7
1525794634660	gretra-wisnode-1	57.7801	14.1722	-51	7
1525794694772	gretra-wisnode-1	57.7801	14.1726	-48	7
1525850474524	gretra-wisnode-1	57.7804	14.1725	-60	11
1525850534337	gretra-wisnode-1	57.7804	14.1725	-55	12
1525850606208	gretra-wisnode-1	57.7804	14.1725	-50	12
1525850666209	gretra-wisnode-1	57.7804	14.1725	-61	11
1525850738372	gretra-wisnode-1	57.7804	14.1725	-58	10
1525850798204	gretra-wisnode-1	57.7804	14.1725	-60	11
1525850870301	gretra-wisnode-1	57.7804	14.1725	-56	11
1525850930326	gretra-wisnode-1	57.7804	14.1725	-54	11
1525851002149	gretra-wisnode-1	57.7804	14.1725	-58	9
1525851021830	gretra-wisnode-1	57.7804	14.1724	-59	11
1525851082040	gretra-wisnode-1	57.7804	14.1724	-51	10
1525851153788	gretra-wisnode-1	57.7803	14.1725	-58	8
1525851212968	gretra-wisnode-1	57.7803	14.1725	-51	10
